6 0.386743 0.341720 0.149662 0.392818
6 0.059013 0.700001 0.118026 0.406662
6 0.162728 0.805825 0.170355 0.334822
6 0.304498 0.838667 0.151604 0.275685
6 0.436692 0.857659 0.156786 0.239732
6 0.591997 0.802794 0.161611 0.338480
6 0.800176 0.746129 0.162255 0.402059
6 0.704310 0.354905 0.143262 0.382512
6 0.803391 0.427982 0.166229 0.456329
6 0.556021 0.157674 0.178370 0.315349
6 0.252331 0.117283 0.220774 0.234566
6 0.087474 0.140024 0.156908 0.280047
6 0.092666 0.358126 0.148766 0.378405
6 0.287684 0.233807 0.147881 0.367603
6 0.409202 0.667911 0.129155 0.362469
6 0.178858 0.550961 0.142251 0.377301
6 0.540170 0.552185 0.158612 0.412214
6 0.720421 0.103045 0.145320 0.206090
