6 0.584433 0.392173 0.157711 0.390711
6 0.795536 0.798546 0.178126 0.402907
6 0.606538 0.853812 0.175460 0.292375
6 0.455724 0.870979 0.151514 0.258043
6 0.314254 0.879107 0.158623 0.241786
6 0.190481 0.804028 0.167213 0.354288
6 0.058198 0.703593 0.116396 0.401340
6 0.266000 0.346268 0.144457 0.382816
6 0.140582 0.398843 0.181466 0.454940
6 0.513351 0.176643 0.169365 0.337416
6 0.831534 0.183643 0.205357 0.274781
6 0.941305 0.233420 0.107485 0.320136
6 0.857893 0.454867 0.162411 0.368515
6 0.718353 0.307236 0.133612 0.365477
6 0.430240 0.698474 0.162823 0.362168
6 0.706999 0.632982 0.148158 0.380786
6 0.356757 0.567806 0.151256 0.407795
6 0.369018 0.107639 0.146370 0.204613
