6 0.404438 0.663460 0.157422 0.384124
6 0.063455 0.379967 0.126910 0.397323
6 0.161324 0.231899 0.177653 0.336133
6 0.300664 0.169942 0.157727 0.280221
6 0.430855 0.126556 0.161243 0.237954
6 0.587896 0.161688 0.170276 0.305810
6 0.798246 0.182708 0.167674 0.340190
6 0.718936 0.572713 0.150676 0.369471
6 0.813783 0.483572 0.176068 0.443199
6 0.582569 0.830088 0.192457 0.339824
6 0.266860 0.903127 0.196051 0.193745
6 0.113964 0.897924 0.154846 0.204152
6 0.113219 0.700961 0.152890 0.373016
6 0.311538 0.791040 0.156467 0.353222
6 0.415249 0.327346 0.133646 0.351615
6 0.186788 0.499819 0.150686 0.361551
6 0.548686 0.417412 0.166090 0.401558
6 0.749405 0.846193 0.154181 0.234627
