8 0.736714 0.546720 0.270453 0.379380
8 0.393165 0.895361 0.286100 0.151931
8 0.725049 0.860283 0.285291 0.215252
8 0.944033 0.767399 0.111934 0.359114
8 0.932224 0.547981 0.135551 0.355142
8 0.878232 0.342577 0.187421 0.266496
8 0.133552 0.843741 0.142460 0.160515
8 0.204393 0.731368 0.277378 0.403979
8 0.182143 0.459379 0.285194 0.353257
8 0.427177 0.523155 0.293455 0.312507
8 0.500422 0.354562 0.228066 0.225914
8 0.617563 0.181745 0.236463 0.324816
8 0.412972 0.211988 0.185525 0.208332
8 0.311089 0.330913 0.191924 0.226392
8 0.253531 0.152210 0.201022 0.241587
8 0.128862 0.266094 0.162249 0.275837
8 0.065407 0.642813 0.044948 0.233721
8 0.436828 0.086643 0.225581 0.173287
8 0.844642 0.131612 0.223545 0.257783
8 0.737095 0.402782 0.302126 0.286984
8 0.767939 0.724096 0.261062 0.267058
8 0.465809 0.745290 0.282518 0.433684
