8 0.490593 0.496260 0.685016 0.682699
8 0.738461 0.750921 0.264255 0.383133
8 0.742346 0.956578 0.218561 0.086843
8 0.555412 0.899305 0.213370 0.201390
8 0.330146 0.898778 0.248897 0.202444
8 0.129079 0.728542 0.229170 0.460860
8 0.582025 0.204025 0.254432 0.337079
8 0.801949 0.372139 0.190090 0.294820
8 0.912922 0.672351 0.174155 0.351514
8 0.850509 0.904727 0.246810 0.190546
8 0.321729 0.163754 0.277419 0.301838
8 0.794560 0.216524 0.187125 0.179917
8 0.947066 0.348348 0.105868 0.280011
8 0.069814 0.294015 0.113331 0.325141
