8 0.658358 0.547884 0.280033 0.380155
8 0.273507 0.902074 0.280292 0.148029
8 0.604807 0.863167 0.289788 0.219355
8 0.864070 0.764879 0.169829 0.381701
8 0.878172 0.540954 0.195736 0.363977
8 0.822484 0.340570 0.175832 0.265738
8 0.044479 0.862977 0.088959 0.148834
8 0.126373 0.744041 0.252747 0.402434
8 0.130171 0.474759 0.260343 0.354989
8 0.348840 0.532504 0.292359 0.314584
8 0.442224 0.360422 0.231830 0.224402
8 0.574596 0.186264 0.242250 0.324123
8 0.371524 0.221055 0.186995 0.208556
8 0.260208 0.342157 0.188513 0.225876
8 0.217907 0.165770 0.196720 0.241250
8 0.082445 0.282465 0.164891 0.276803
8 0.411205 0.090181 0.229495 0.180363
8 0.804887 0.131678 0.233393 0.258416
8 0.665648 0.402415 0.303909 0.284026
8 0.672346 0.722270 0.263910 0.266776
8 0.368580 0.751586 0.300342 0.431950
