4 0.124865 0.360469 0.175775 0.351896
4 0.303450 0.219960 0.189458 0.282268
4 0.214192 0.455124 0.213442 0.366490
4 0.432117 0.373114 0.244420 0.315013
4 0.285977 0.600607 0.227086 0.348821
4 0.483693 0.173752 0.199486 0.216177
4 0.714155 0.081493 0.182491 0.162985
4 0.682063 0.249806 0.225352 0.266607
4 0.608197 0.493520 0.190936 0.273838
4 0.883133 0.519039 0.207333 0.328382
4 0.776651 0.771228 0.200025 0.371521
4 0.935209 0.854359 0.129582 0.231261
4 0.358366 0.795687 0.227302 0.331735
4 0.899159 0.289651 0.194707 0.251715
4 0.555159 0.704012 0.148404 0.322717
4 0.660659 0.743349 0.135644 0.389437
