8 0.506945 0.490589 0.661964 0.664948
8 0.780603 0.369799 0.269682 0.396751
8 0.824582 0.129679 0.258480 0.195850
8 0.617457 0.155545 0.212172 0.249197
8 0.400644 0.109025 0.243905 0.195339
8 0.153956 0.199841 0.290609 0.398976
8 0.557356 0.855608 0.251523 0.288784
8 0.794885 0.783155 0.187871 0.273935
8 0.923574 0.548817 0.152853 0.319873
8 0.891289 0.204363 0.217423 0.316903
8 0.293518 0.850394 0.296000 0.299212
8 0.775016 0.904024 0.183906 0.191952
8 0.940963 0.854029 0.118073 0.291942
8 0.075960 0.605157 0.093811 0.335090
