3 0.537892 0.877252 0.349581 0.212295
3 0.818230 0.779330 0.272913 0.204646
3 0.633956 0.676368 0.277656 0.200438
3 0.329041 0.703844 0.362751 0.240347
3 0.867785 0.561869 0.251155 0.186158
3 0.299157 0.879164 0.278216 0.168944
3 0.176676 0.954965 0.197863 0.082114
3 0.122611 0.796922 0.205897 0.169710
3 0.239235 0.547586 0.303436 0.181312
3 0.522221 0.495628 0.233183 0.183990
3 0.749019 0.404909 0.288481 0.202734
3 0.843683 0.241257 0.260749 0.176850
3 0.846588 0.077819 0.214770 0.155637
3 0.541393 0.252285 0.305222 0.176722
3 0.600291 0.075204 0.267111 0.150408
3 0.369730 0.087890 0.219460 0.175781
3 0.206933 0.228248 0.279441 0.190875
3 0.169048 0.079258 0.243842 0.126740
3 0.037763 0.253111 0.075526 0.152731
3 0.090966 0.393495 0.181932 0.164864
3 0.331445 0.377430 0.258630 0.158234
3 0.722838 0.017062 0.147834 0.034124
3 0.909607 0.407651 0.167286 0.150329
3 0.047389 0.128602 0.094778 0.132095
3 0.076496 0.595910 0.151159 0.133881
3 0.901331 0.653873 0.182883 0.146996
3 0.954235 0.802769 0.074094 0.188625
