8 0.258455 0.436744 0.260592 0.381667
8 0.556042 0.045696 0.252220 0.091391
8 0.233394 0.120617 0.285711 0.241233
8 0.042310 0.233169 0.084621 0.442402
8 0.063669 0.490288 0.127337 0.375130
8 0.135129 0.671372 0.196169 0.252920
8 0.882939 0.029661 0.193375 0.059321
8 0.773581 0.161926 0.268971 0.323852
8 0.819931 0.374498 0.285426 0.369793
8 0.565269 0.376088 0.291714 0.333175
8 0.508165 0.576596 0.223527 0.206629
8 0.401367 0.764477 0.235412 0.320919
8 0.608107 0.681316 0.182737 0.206417
8 0.701734 0.542235 0.192886 0.217350
8 0.771130 0.693353 0.203502 0.242729
8 0.881113 0.550551 0.153598 0.280427
8 0.937419 0.151003 0.081978 0.297307
8 0.598345 0.848306 0.223629 0.215741
8 0.185008 0.853585 0.220755 0.266724
8 0.265067 0.575131 0.301270 0.296176
8 0.213548 0.294436 0.258846 0.261281
8 0.509734 0.195836 0.279071 0.391672
