3 0.517287 0.896616 0.350149 0.206769
3 0.797280 0.800181 0.273517 0.204763
3 0.611759 0.698388 0.278224 0.200765
3 0.306684 0.727795 0.362899 0.240666
3 0.844307 0.582829 0.248818 0.186041
3 0.277863 0.903002 0.278290 0.169767
3 0.155606 0.969328 0.198321 0.061345
3 0.101834 0.822175 0.203668 0.169423
3 0.215651 0.572185 0.303656 0.182179
3 0.499064 0.518897 0.234000 0.184146
3 0.725472 0.427006 0.289037 0.202451
3 0.819776 0.262637 0.261302 0.176785
3 0.821779 0.096057 0.215243 0.161707
3 0.516671 0.275425 0.305525 0.176993
3 0.574829 0.088366 0.267443 0.170615
3 0.343833 0.106524 0.219115 0.187302
3 0.181574 0.253534 0.280093 0.191019
3 0.142692 0.104624 0.244380 0.127273
3 0.024986 0.277557 0.049972 0.129940
3 0.078738 0.419376 0.157477 0.164654
3 0.307385 0.401679 0.258565 0.158271
3 0.698686 0.030020 0.180634 0.052961
3 0.886845 0.428869 0.167348 0.150347
3 0.034415 0.154603 0.068830 0.131454
3 0.064536 0.621442 0.129073 0.133729
3 0.876723 0.677039 0.176609 0.141522
3 0.927190 0.826167 0.060666 0.182113
