8 0.519999 0.543620 0.696763 0.680245
8 0.295224 0.291376 0.262952 0.382811
8 0.311538 0.065901 0.244502 0.127396
8 0.491457 0.123927 0.216486 0.237898
8 0.718899 0.134344 0.250970 0.216620
8 0.894146 0.310247 0.210435 0.458964
8 0.399320 0.834256 0.256324 0.331488
8 0.191767 0.670255 0.193903 0.293900
8 0.096126 0.371317 0.192253 0.351053
8 0.189839 0.117544 0.249942 0.232542
8 0.650625 0.862531 0.272561 0.274937
8 0.191590 0.825100 0.188029 0.180061
8 0.049269 0.692558 0.098539 0.275066
8 0.929305 0.743226 0.131054 0.325533
