4 0.868730 0.367245 0.171937 0.352674
4 0.695059 0.223315 0.184739 0.282068
4 0.772014 0.460576 0.203252 0.367933
4 0.558497 0.374652 0.242042 0.316104
4 0.693143 0.604768 0.219805 0.350108
4 0.515712 0.173506 0.195833 0.215891
4 0.290026 0.079268 0.179888 0.158536
4 0.315359 0.246958 0.225620 0.267024
4 0.376968 0.492135 0.192141 0.273827
4 0.102612 0.512924 0.205224 0.328586
4 0.197871 0.766589 0.203196 0.370965
4 0.049930 0.847682 0.099860 0.231738
4 0.613126 0.798536 0.218428 0.333729
4 0.098766 0.282498 0.197532 0.250099
4 0.424153 0.703357 0.147333 0.321792
4 0.316421 0.740253 0.129073 0.389845
