4 0.144580 0.609431 0.176088 0.355393
4 0.323484 0.775753 0.189795 0.282337
4 0.234067 0.525377 0.213822 0.375389
4 0.452379 0.635210 0.244855 0.321036
4 0.305979 0.390913 0.227490 0.358021
4 0.504047 0.846385 0.199842 0.212732
4 0.734919 0.943580 0.182816 0.112841
4 0.702770 0.789854 0.225753 0.267997
4 0.628773 0.536952 0.191276 0.272049
4 0.900174 0.548269 0.199652 0.331947
4 0.797527 0.284824 0.200381 0.365188
4 0.945730 0.217104 0.108539 0.233307
4 0.378497 0.205681 0.227706 0.344261
4 0.911363 0.781955 0.177275 0.238694
4 0.575640 0.322427 0.148668 0.313931
4 0.681328 0.300798 0.135886 0.390818
