3 0.535135 0.088215 0.359208 0.176430
3 0.229789 0.107184 0.264983 0.190479
3 0.378019 0.258098 0.282310 0.203889
3 0.677918 0.289145 0.370532 0.222105
3 0.125134 0.317703 0.250268 0.181040
3 0.758414 0.119332 0.285963 0.162161
3 0.897719 0.057391 0.187577 0.114781
3 0.895472 0.243963 0.176508 0.171997
3 0.718107 0.471942 0.313089 0.170277
3 0.450741 0.459443 0.226534 0.172659
3 0.189966 0.506478 0.282818 0.202565
3 0.096627 0.637960 0.193254 0.171997
3 0.063149 0.801710 0.126297 0.164583
3 0.350656 0.687922 0.310547 0.158588
3 0.251420 0.877776 0.262442 0.177275
3 0.471093 0.890170 0.244369 0.171802
3 0.664928 0.785428 0.265396 0.176481
3 0.656086 0.924947 0.223860 0.092117
3 0.858396 0.815019 0.130594 0.179261
3 0.835424 0.649027 0.217196 0.164072
3 0.596272 0.607652 0.272098 0.149487
3 0.101947 0.919003 0.203895 0.100496
3 0.070351 0.472101 0.140702 0.144664
3 0.826768 0.907436 0.144046 0.106733
3 0.896619 0.444448 0.129156 0.132578
3 0.109419 0.213403 0.218839 0.143054
3 0.085188 0.080311 0.150001 0.160622
